{
    "lights": [
        {
            "pos": [
                0,
                200,
                0
            ],
            "color": [
                1,
                1,
                1
            ]
        },
        {
            "pos": [
                -5,
                2,
                -10
            ],
            "color": [
                1,
                1,
                1
            ]
        },
        {
            "pos": [
                5,
                2,
                10
            ],
            "color": [
                1,
                1,
                1
            ]
        }
    ],
    "cameras": [
        {
            "pos": [
                2,
                30.5,
                -2
            ],
            "rot": [
                0.74,
                0,
                0,
                0.67
            ],
            "fovy": 1
        },
        {
            "pos": [
                0,
                30.5,
                -2
            ],
            "rot": [
                0.66,
                0,
                0,
                0.72
            ],
            "fovy": 1
        },
        {}
    ],
    "name": "dinos",
    "materials": {
        "red": {
            "kd": [
                1,
                0,
                0.2
            ]
        }
    },
    "children": [
        {
            "transform": [
                1,
                0,
                0,
                0,
                0,
                0,
                1,
                0,
                0,
                -1,
                0,
                0,
                0,
                0,
                0,
                1
            ],
            "shapes": [
                {
                    "type": "mesh",
                    "filename": "../meshes/dinopet.off"
                }
            ]
        },
        {
            "transform": [
                -1,
                0,
                1.2246468525851679e-16,
                10,
                0,
                1,
                0,
                0,
                -1.2246468525851679e-16,
                0,
                -1,
                0,
                0,
                0,
                0,
                1
            ],
            "shapes": [
                {
                    "type": "mesh",
                    "filename": "../meshes/dinopet.off"
                }
            ]
        },
        {
            "transform": [
                -0.9510565400123596,
                0,
                -0.30901700258255005,
                9.510564804077148,
                0,
                1,
                0,
                0,
                0.30901700258255005,
                0,
                -0.9510565400123596,
                3.090169906616211,
                0,
                0,
                0,
                1
            ],
            "shapes": [
                {
                    "type": "mesh",
                    "filename": "../meshes/dinopet.off"
                }
            ]
        },
        {
            "transform": [
                -0.80901700258255,
                0,
                -0.5877852439880371,
                8.090169906616211,
                0,
                1,
                0,
                0,
                0.5877852439880371,
                0,
                -0.80901700258255,
                5.877852439880371,
                0,
                0,
                0,
                1
            ],
            "shapes": [
                {
                    "type": "mesh",
                    "filename": "../meshes/dinopet.off"
                }
            ]
        },
        {
            "transform": [
                -0.5877852439880371,
                0,
                -0.80901700258255,
                5.877852439880371,
                0,
                1,
                0,
                0,
                0.80901700258255,
                0,
                -0.5877852439880371,
                8.090169906616211,
                0,
                0,
                0,
                1
            ],
            "shapes": [
                {
                    "type": "mesh",
                    "filename": "../meshes/dinopet.off"
                }
            ]
        },
        {
            "transform": [
                -0.30901700258255005,
                0,
                -0.9510565400123596,
                3.090169906616211,
                0,
                1,
                0,
                0,
                0.9510565400123596,
                0,
                -0.30901700258255005,
                9.510564804077148,
                0,
                0,
                0,
                1
            ],
            "shapes": [
                {
                    "type": "mesh",
                    "filename": "../meshes/dinopet.off"
                }
            ]
        },
        {
            "transform": [
                -1.8369702788777518e-16,
                0,
                -1,
                6.123233998228043e-16,
                0,
                1,
                0,
                0,
                1,
                0,
                -1.8369702788777518e-16,
                10,
                0,
                0,
                0,
                1
            ],
            "shapes": [
                {
                    "type": "mesh",
                    "filename": "../meshes/dinopet.off"
                }
            ]
        },
        {
            "transform": [
                0.30901700258255005,
                0,
                -0.9510565400123596,
                -3.090169906616211,
                0,
                1,
                0,
                0,
                0.9510565400123596,
                0,
                0.30901700258255005,
                9.510564804077148,
                0,
                0,
                0,
                1
            ],
            "shapes": [
                {
                    "type": "mesh",
                    "filename": "../meshes/dinopet.off"
                }
            ]
        },
        {
            "transform": [
                0.5877852439880371,
                0,
                -0.80901700258255,
                -5.877852439880371,
                0,
                1,
                0,
                0,
                0.80901700258255,
                0,
                0.5877852439880371,
                8.090169906616211,
                0,
                0,
                0,
                1
            ],
            "shapes": [
                {
                    "type": "mesh",
                    "filename": "../meshes/dinopet.off"
                }
            ]
        },
        {
            "transform": [
                0.80901700258255,
                0,
                -0.5877852439880371,
                -8.090169906616211,
                0,
                1,
                0,
                0,
                0.5877852439880371,
                0,
                0.80901700258255,
                5.877852439880371,
                0,
                0,
                0,
                1
            ],
            "shapes": [
                {
                    "type": "mesh",
                    "filename": "../meshes/dinopet.off"
                }
            ]
        },
        {
            "transform": [
                0.9510565400123596,
                0,
                -0.30901700258255005,
                -9.510564804077148,
                0,
                1,
                0,
                0,
                0.30901700258255005,
                0,
                0.9510565400123596,
                3.090169906616211,
                0,
                0,
                0,
                1
            ],
            "shapes": [
                {
                    "type": "mesh",
                    "filename": "../meshes/dinopet.off"
                }
            ]
        },
        {
            "transform": [
                1,
                0,
                -2.4492937051703357e-16,
                -10,
                0,
                1,
                0,
                0,
                2.4492937051703357e-16,
                0,
                1,
                1.2246467996456087e-15,
                0,
                0,
                0,
                1
            ],
            "shapes": [
                {
                    "type": "mesh",
                    "filename": "../meshes/dinopet.off"
                }
            ]
        },
        {
            "transform": [
                0.9510565400123596,
                0,
                0.30901700258255005,
                -9.510564804077148,
                0,
                1,
                0,
                0,
                -0.30901700258255005,
                0,
                0.9510565400123596,
                -3.090169906616211,
                0,
                0,
                0,
                1
            ],
            "shapes": [
                {
                    "type": "mesh",
                    "filename": "../meshes/dinopet.off"
                }
            ]
        },
        {
            "transform": [
                0.80901700258255,
                0,
                0.5877852439880371,
                -8.090169906616211,
                0,
                1,
                0,
                0,
                -0.5877852439880371,
                0,
                0.80901700258255,
                -5.877852439880371,
                0,
                0,
                0,
                1
            ],
            "shapes": [
                {
                    "type": "mesh",
                    "filename": "../meshes/dinopet.off"
                }
            ]
        },
        {
            "transform": [
                0.5877852439880371,
                0,
                0.80901700258255,
                -5.877852439880371,
                0,
                1,
                0,
                0,
                -0.80901700258255,
                0,
                0.5877852439880371,
                -8.090169906616211,
                0,
                0,
                0,
                1
            ],
            "shapes": [
                {
                    "type": "mesh",
                    "filename": "../meshes/dinopet.off"
                }
            ]
        },
        {
            "transform": [
                0.30901700258255005,
                0,
                0.9510565400123596,
                -3.090169906616211,
                0,
                1,
                0,
                0,
                -0.9510565400123596,
                0,
                0.30901700258255005,
                -9.510564804077148,
                0,
                0,
                0,
                1
            ],
            "shapes": [
                {
                    "type": "mesh",
                    "filename": "../meshes/dinopet.off"
                }
            ]
        },
        {
            "transform": [
                3.0616169991140216e-16,
                0,
                1,
                -1.8369700935892946e-15,
                0,
                1,
                0,
                0,
                -1,
                0,
                3.0616169991140216e-16,
                -10,
                0,
                0,
                0,
                1
            ],
            "shapes": [
                {
                    "type": "mesh",
                    "filename": "../meshes/dinopet.off"
                }
            ]
        },
        {
            "transform": [
                -0.30901700258255005,
                0,
                0.9510565400123596,
                3.090169906616211,
                0,
                1,
                0,
                0,
                -0.9510565400123596,
                0,
                -0.30901700258255005,
                -9.510564804077148,
                0,
                0,
                0,
                1
            ],
            "shapes": [
                {
                    "type": "mesh",
                    "filename": "../meshes/dinopet.off"
                }
            ]
        },
        {
            "transform": [
                -0.5877852439880371,
                0,
                0.80901700258255,
                5.877852439880371,
                0,
                1,
                0,
                0,
                -0.80901700258255,
                0,
                -0.5877852439880371,
                -8.090169906616211,
                0,
                0,
                0,
                1
            ],
            "shapes": [
                {
                    "type": "mesh",
                    "filename": "../meshes/dinopet.off"
                }
            ]
        },
        {
            "transform": [
                -0.80901700258255,
                0,
                0.5877852439880371,
                8.090169906616211,
                0,
                1,
                0,
                0,
                -0.5877852439880371,
                0,
                -0.80901700258255,
                -5.877852439880371,
                0,
                0,
                0,
                1
            ],
            "shapes": [
                {
                    "type": "mesh",
                    "filename": "../meshes/dinopet.off"
                }
            ]
        },
        {
            "transform": [
                -0.9510565400123596,
                0,
                0.30901700258255005,
                9.510564804077148,
                0,
                1,
                0,
                0,
                -0.30901700258255005,
                0,
                -0.9510565400123596,
                -3.090169906616211,
                0,
                0,
                0,
                1
            ],
            "shapes": [
                {
                    "type": "mesh",
                    "filename": "../meshes/dinopet.off"
                }
            ]
        }
    ]
}