{
    "lights": [
        {
            "pos": [
                0,
                200,
                0
            ],
            "color": [
                1,
                1,
                1
            ]
        },
        {
            "pos": [
                -5,
                2,
                -10
            ],
            "color": [
                1,
                1,
                1
            ]
        },
        {
            "pos": [
                5,
                2,
                10
            ],
            "color": [
                1,
                1,
                1
            ]
        }
    ],
    "cameras": [
        {
            "pos": [
                2,
                40.5,
                -2
            ],
            "rot": [
                0.74,
                0,
                0,
                0.67
            ],
            "fovy": 1
        },
        {
            "pos": [
                0,
                30.5,
                -2
            ],
            "rot": [
                0.66,
                0,
                0,
                0.72
            ],
            "fovy": 1
        },
        {}
    ],
    "name": "dinos",
    "materials": {
        "red": {
            "kd": [
                1,
                0,
                0.2
            ]
        }
    },
    "children": [
        {
            "transform": [
                1,
                0,
                0,
                0,
                0,
                0,
                1,
                0,
                0,
                -1,
                0,
                0,
                0,
                0,
                0,
                1
            ],
            "shapes": [
                {
                    "type": "mesh",
                    "filename": "../meshes/dinopet.off"
                }
            ]
        },
        {
            "transform": [
                0.9876883625984192,
                0.15643446147441864,
                0,
                18,
                2.873654233894535e-17,
                -1.814354102139368e-16,
                1,
                0,
                0.15643446147441864,
                -0.9876883625984192,
                -1.8369701465288538e-16,
                0,
                0,
                0,
                0,
                1
            ],
            "shapes": [
                {
                    "type": "mesh",
                    "filename": "../meshes/dinopet.off"
                }
            ]
        },
        {
            "transform": [
                0.8910065293312073,
                0.45399048924446106,
                0,
                17.119016647338867,
                8.339670008217597e-17,
                -1.6367523365749245e-16,
                1,
                0,
                0.45399048924446106,
                -0.8910065293312073,
                -1.8369701465288538e-16,
                5.562305927276611,
                0,
                0,
                0,
                1
            ],
            "shapes": [
                {
                    "type": "mesh",
                    "filename": "../meshes/dinopet.off"
                }
            ]
        },
        {
            "transform": [
                0.7071067690849304,
                0.7071067690849304,
                0,
                14.562305450439453,
                1.2989340243395341e-16,
                -1.2989340243395341e-16,
                1,
                0,
                0.7071067690849304,
                -0.7071067690849304,
                -1.8369701465288538e-16,
                10.580134391784668,
                0,
                0,
                0,
                1
            ],
            "shapes": [
                {
                    "type": "mesh",
                    "filename": "../meshes/dinopet.off"
                }
            ]
        },
        {
            "transform": [
                0.45399048924446106,
                0.8910065293312073,
                0,
                10.580134391784668,
                1.6367523365749245e-16,
                -8.339670008217597e-17,
                1,
                0,
                0.8910065293312073,
                -0.45399048924446106,
                -1.8369701465288538e-16,
                14.562305450439453,
                0,
                0,
                0,
                1
            ],
            "shapes": [
                {
                    "type": "mesh",
                    "filename": "../meshes/dinopet.off"
                }
            ]
        },
        {
            "transform": [
                0.15643446147441864,
                0.9876883625984192,
                0,
                5.562305927276611,
                1.814354102139368e-16,
                -2.873654233894535e-17,
                1,
                0,
                0.9876883625984192,
                -0.15643446147441864,
                -1.8369701465288538e-16,
                17.119016647338867,
                0,
                0,
                0,
                1
            ],
            "shapes": [
                {
                    "type": "mesh",
                    "filename": "../meshes/dinopet.off"
                }
            ]
        },
        {
            "transform": [
                -0.15643446147441864,
                0.9876883625984192,
                0,
                1.1021821408568715e-15,
                1.814354102139368e-16,
                2.873654233894535e-17,
                1,
                0,
                0.9876883625984192,
                0.15643446147441864,
                -1.8369701465288538e-16,
                18,
                0,
                0,
                0,
                1
            ],
            "shapes": [
                {
                    "type": "mesh",
                    "filename": "../meshes/dinopet.off"
                }
            ]
        },
        {
            "transform": [
                -0.45399048924446106,
                0.8910065293312073,
                0,
                -5.562305927276611,
                1.6367523365749245e-16,
                8.339670008217597e-17,
                1,
                0,
                0.8910065293312073,
                0.45399048924446106,
                -1.8369701465288538e-16,
                17.119016647338867,
                0,
                0,
                0,
                1
            ],
            "shapes": [
                {
                    "type": "mesh",
                    "filename": "../meshes/dinopet.off"
                }
            ]
        },
        {
            "transform": [
                -0.7071067690849304,
                0.7071067690849304,
                0,
                -10.580134391784668,
                1.2989340243395341e-16,
                1.2989340243395341e-16,
                1,
                0,
                0.7071067690849304,
                0.7071067690849304,
                -1.8369701465288538e-16,
                14.562305450439453,
                0,
                0,
                0,
                1
            ],
            "shapes": [
                {
                    "type": "mesh",
                    "filename": "../meshes/dinopet.off"
                }
            ]
        },
        {
            "transform": [
                -0.8910065293312073,
                0.45399048924446106,
                0,
                -14.562305450439453,
                8.339670008217597e-17,
                1.6367523365749245e-16,
                1,
                0,
                0.45399048924446106,
                0.8910065293312073,
                -1.8369701465288538e-16,
                10.580134391784668,
                0,
                0,
                0,
                1
            ],
            "shapes": [
                {
                    "type": "mesh",
                    "filename": "../meshes/dinopet.off"
                }
            ]
        },
        {
            "transform": [
                -0.9876883625984192,
                0.15643446147441864,
                0,
                -17.119016647338867,
                2.873654233894535e-17,
                1.814354102139368e-16,
                1,
                0,
                0.15643446147441864,
                0.9876883625984192,
                -1.8369701465288538e-16,
                5.562305927276611,
                0,
                0,
                0,
                1
            ],
            "shapes": [
                {
                    "type": "mesh",
                    "filename": "../meshes/dinopet.off"
                }
            ]
        },
        {
            "transform": [
                -0.9876883625984192,
                -0.15643446147441864,
                0,
                -18,
                -2.873654233894535e-17,
                1.814354102139368e-16,
                1,
                0,
                -0.15643446147441864,
                0.9876883625984192,
                -1.8369701465288538e-16,
                2.204364281713743e-15,
                0,
                0,
                0,
                1
            ],
            "shapes": [
                {
                    "type": "mesh",
                    "filename": "../meshes/dinopet.off"
                }
            ]
        },
        {
            "transform": [
                -0.8910065293312073,
                -0.45399048924446106,
                0,
                -17.119016647338867,
                -8.339670008217597e-17,
                1.6367523365749245e-16,
                1,
                0,
                -0.45399048924446106,
                0.8910065293312073,
                -1.8369701465288538e-16,
                -5.562305927276611,
                0,
                0,
                0,
                1
            ],
            "shapes": [
                {
                    "type": "mesh",
                    "filename": "../meshes/dinopet.off"
                }
            ]
        },
        {
            "transform": [
                -0.7071067690849304,
                -0.7071067690849304,
                0,
                -14.562305450439453,
                -1.2989340243395341e-16,
                1.2989340243395341e-16,
                1,
                0,
                -0.7071067690849304,
                0.7071067690849304,
                -1.8369701465288538e-16,
                -10.580134391784668,
                0,
                0,
                0,
                1
            ],
            "shapes": [
                {
                    "type": "mesh",
                    "filename": "../meshes/dinopet.off"
                }
            ]
        },
        {
            "transform": [
                -0.45399048924446106,
                -0.8910065293312073,
                0,
                -10.580134391784668,
                -1.6367523365749245e-16,
                8.339670008217597e-17,
                1,
                0,
                -0.8910065293312073,
                0.45399048924446106,
                -1.8369701465288538e-16,
                -14.562305450439453,
                0,
                0,
                0,
                1
            ],
            "shapes": [
                {
                    "type": "mesh",
                    "filename": "../meshes/dinopet.off"
                }
            ]
        },
        {
            "transform": [
                -0.15643446147441864,
                -0.9876883625984192,
                0,
                -5.562305927276611,
                -1.814354102139368e-16,
                2.873654233894535e-17,
                1,
                0,
                -0.9876883625984192,
                0.15643446147441864,
                -1.8369701465288538e-16,
                -17.119016647338867,
                0,
                0,
                0,
                1
            ],
            "shapes": [
                {
                    "type": "mesh",
                    "filename": "../meshes/dinopet.off"
                }
            ]
        },
        {
            "transform": [
                0.15643446147441864,
                -0.9876883625984192,
                0,
                -3.3065464225706144e-15,
                -1.814354102139368e-16,
                -2.873654233894535e-17,
                1,
                0,
                -0.9876883625984192,
                -0.15643446147441864,
                -1.8369701465288538e-16,
                -18,
                0,
                0,
                0,
                1
            ],
            "shapes": [
                {
                    "type": "mesh",
                    "filename": "../meshes/dinopet.off"
                }
            ]
        },
        {
            "transform": [
                0.45399048924446106,
                -0.8910065293312073,
                0,
                5.562305927276611,
                -1.6367523365749245e-16,
                -8.339670008217597e-17,
                1,
                0,
                -0.8910065293312073,
                -0.45399048924446106,
                -1.8369701465288538e-16,
                -17.119016647338867,
                0,
                0,
                0,
                1
            ],
            "shapes": [
                {
                    "type": "mesh",
                    "filename": "../meshes/dinopet.off"
                }
            ]
        },
        {
            "transform": [
                0.7071067690849304,
                -0.7071067690849304,
                0,
                10.580134391784668,
                -1.2989340243395341e-16,
                -1.2989340243395341e-16,
                1,
                0,
                -0.7071067690849304,
                -0.7071067690849304,
                -1.8369701465288538e-16,
                -14.562305450439453,
                0,
                0,
                0,
                1
            ],
            "shapes": [
                {
                    "type": "mesh",
                    "filename": "../meshes/dinopet.off"
                }
            ]
        },
        {
            "transform": [
                0.8910065293312073,
                -0.45399048924446106,
                0,
                14.562305450439453,
                -8.339670008217597e-17,
                -1.6367523365749245e-16,
                1,
                0,
                -0.45399048924446106,
                -0.8910065293312073,
                -1.8369701465288538e-16,
                -10.580134391784668,
                0,
                0,
                0,
                1
            ],
            "shapes": [
                {
                    "type": "mesh",
                    "filename": "../meshes/dinopet.off"
                }
            ]
        },
        {
            "transform": [
                0.9876883625984192,
                -0.15643446147441864,
                0,
                17.119016647338867,
                -2.873654233894535e-17,
                -1.814354102139368e-16,
                1,
                0,
                -0.15643446147441864,
                -0.9876883625984192,
                -1.8369701465288538e-16,
                -5.562305927276611,
                0,
                0,
                0,
                1
            ],
            "shapes": [
                {
                    "type": "mesh",
                    "filename": "../meshes/dinopet.off"
                }
            ]
        }
    ]
}